[gd_scene load_steps=14 format=4 uid="uid://crhsjtsfj45yo"]

[ext_resource type="PackedScene" uid="uid://cuj5qvddd8o8p" path="res://Models/Tree2.glb" id="1_dpdk7"]
[ext_resource type="PackedScene" uid="uid://6c2b3bf2v6k7" path="res://Models/Ferns.glb" id="2_dylil"]
[ext_resource type="Material" uid="uid://w67tge64bscx" path="res://textures/Grate.tres" id="3_ii60j"]
[ext_resource type="Texture2D" uid="uid://crxbg1jt8f3df" path="res://KOMSprites/Trees/Tree_4 (2).PNG" id="4_q5vig"]
[ext_resource type="Texture2D" uid="uid://blrurxsx4yddd" path="res://KOMSprites/Trees/Tree_2 (5).PNG" id="5_lmn43"]
[ext_resource type="PackedScene" uid="uid://dl3cv1es01xh6" path="res://KOMPrefabs/StreetLight.tscn" id="6_kqeqa"]

[sub_resource type="BoxShape3D" id="BoxShape3D_3lrsa"]

[sub_resource type="ArrayMesh" id="ArrayMesh_d5t2d"]
_surfaces = [{
"aabb": AABB(-3.84505, 0.0106993, -0.10612, 7.6901, 2, 0.212251),
"format": 34896613377,
"index_count": 30,
"index_data": PackedByteArray("AAADAAEAAAACAAMAAgAHAAMAAgAGAAcABgAFAAcABgAEAAUABAABAAUABAAAAAEABwABAAMABwAFAAEA"),
"name": "Material.001",
"primitive": 3,
"uv_scale": Vector4(0, 0, 0, 0),
"vertex_count": 8,
"vertex_data": PackedByteArray("AAAAAPv/AAAAAP//+/8AAAAAAAAAAAAAAAD//wAAAAD//wAA+/8AAP/////7/wAA//8AAAAAAAD/////AAAAAA==")
}]
blend_shape_mode = 0

[sub_resource type="ArrayMesh" id="ArrayMesh_wqhsk"]
resource_name = "DNAGate_Cube_001"
_surfaces = [{
"aabb": AABB(-3.84505, 0.0106993, -0.10612, 7.6901, 2, 0.212251),
"attribute_data": PackedByteArray("RKWYgHIofoNog5iAcij//++CFoBEpVCMcih+g2iDUIxyKP//74JGiP//foNEpZiA//////6oFoBog5iA//9+g0SlUIz//////qhGiGiDUIw="),
"format": 34896613399,
"index_count": 30,
"index_data": PackedByteArray("AAAHAAIAAAAFAAcABgARAAgABgAPABEAEAAOABMAEAALAA4ACgADAAwACgABAAMAEgAEAAkAEgANAAQA"),
"material": ExtResource("3_ii60j"),
"name": "Material.001",
"primitive": 3,
"uv_scale": Vector4(5.73568, 2.18876, 0, 0),
"vertex_count": 20,
"vertex_data": PackedByteArray("AAAAAPv/VNUAAAAA+///fwAA///7/1TVAAD///v//38AAP//+///vwAAAAAAAFTVAAAAAAAA//8AAP//AABU1QAA//8AAP//AAD//wAA/7///wAA+///f///AAD7/1TV//////v//3//////+///v//////7/1TV//8AAAAA/////wAAAABU1f////8AAP///////wAA/7//////AABU1VRVqqr/f///VFWqqv9///////9/VFWqqv///39UVaqq////f////3//f///qqpVVf9///////9/qqpUVf///3+qqlVV////f////3+qqlRV")
}]
blend_shape_mode = 0
shadow_mesh = SubResource("ArrayMesh_d5t2d")

[sub_resource type="Animation" id="Animation_y6fbo"]
resource_name = "Open"
length = 2.0
tracks/0/type = "position_3d"
tracks/0/imported = true
tracks/0/enabled = true
tracks/0/path = NodePath("Cube_001")
tracks/0/interp = 1
tracks/0/loop_wrap = true
tracks/0/keys = PackedFloat32Array(0, 1, 0, 0, 0, 0.0333333, 1, 0, -0.000409703, 0, 0.0666667, 1, 0, -0.00364578, 0, 0.1, 1, 0, -0.0100117, 0, 0.133333, 1, 0, -0.0193968, 0, 0.166667, 1, 0, -0.0316902, 0, 0.2, 1, 0, -0.0467811, 0, 0.233333, 1, 0, -0.0645587, 0, 0.266667, 1, 0, -0.0849123, 0, 0.3, 1, 0, -0.107731, 0, 0.333333, 1, 0, -0.132904, 0, 0.366667, 1, 0, -0.160321, 0, 0.4, 1, 0, -0.18987, 0, 0.433333, 1, 0, -0.221441, 0, 0.466667, 1, 0, -0.254924, 0, 0.5, 1, 0, -0.290207, 0, 0.533333, 1, 0, -0.327179, 0, 0.566667, 1, 0, -0.36573, 0, 0.6, 1, 0, -0.40575, 0, 0.633333, 1, 0, -0.447126, 0, 0.666667, 1, 0, -0.489749, 0, 0.7, 1, 0, -0.533508, 0, 0.733333, 1, 0, -0.578291, 0, 0.766667, 1, 0, -0.623989, 0, 0.8, 1, 0, -0.670489, 0, 0.833333, 1, 0, -0.717682, 0, 0.9, 1, 0, -0.813703, 0, 1.13333, 1, 0, -1.1553, 0, 1.16667, 1, 0, -1.20332, 0, 1.2, 1, 0, -1.25082, 0, 1.23333, 1, 0, -1.29768, 0, 1.26667, 1, 0, -1.3438, 0, 1.3, 1, 0, -1.38905, 0, 1.33333, 1, 0, -1.43333, 0, 1.36667, 1, 0, -1.47654, 0, 1.4, 1, 0, -1.51855, 0, 1.43333, 1, 0, -1.55926, 0, 1.46667, 1, 0, -1.59856, 0, 1.5, 1, 0, -1.63634, 0, 1.53333, 1, 0, -1.67248, 0, 1.56667, 1, 0, -1.70688, 0, 1.6, 1, 0, -1.73942, 0, 1.63333, 1, 0, -1.76999, 0, 1.66667, 1, 0, -1.79849, 0, 1.7, 1, 0, -1.8248, 0, 1.73333, 1, 0, -1.84881, 0, 1.76667, 1, 0, -1.87041, 0, 1.8, 1, 0, -1.88949, 0, 1.83333, 1, 0, -1.90594, 0, 1.86667, 1, 0, -1.91964, 0, 1.9, 1, 0, -1.93049, 0, 1.93333, 1, 0, -1.93838, 0, 1.96667, 1, 0, -1.9432, 0, 2, 1, 0, -1.94483, 0)

[sub_resource type="AnimationLibrary" id="AnimationLibrary_d5yr7"]
_data = {
"Open": SubResource("Animation_y6fbo")
}

[sub_resource type="BoxShape3D" id="BoxShape3D_wkir7"]
size = Vector3(7.5, 3.5, 1)

[sub_resource type="BoxShape3D" id="BoxShape3D_h37i1"]
size = Vector3(7.20709, 2.65424, 1.0498)

[node name="Node3D" type="Node3D"]

[node name="Trees" type="Node3D" parent="."]

[node name="Tree6" parent="Trees" instance=ExtResource("1_dpdk7")]
transform = Transform3D(0.417819, 0, 0.90853, 0, 1, 0, -0.90853, 0, 0.417819, 45.1984, 1.01582, 11.1735)

[node name="Tree7" parent="Trees" instance=ExtResource("1_dpdk7")]
transform = Transform3D(-0.0252174, 0, -0.999682, 0, 1, 0, 0.999682, 0, -0.0252174, 56.5849, 1.01947, 10.1254)

[node name="Tree8" parent="Trees" instance=ExtResource("1_dpdk7")]
transform = Transform3D(0.879474, 0, -0.475947, 0, 1, 0, 0.475947, 0, 0.879474, 51.3548, 0.93024, 12.9203)

[node name="Tree9" parent="Trees" instance=ExtResource("1_dpdk7")]
transform = Transform3D(1, 0, 0, 0, 1, 0, 0, 0, 1, 44.3288, 1.01318, -16.0575)

[node name="Tree10" parent="Trees" instance=ExtResource("1_dpdk7")]
transform = Transform3D(0.996939, 0, 0.0781807, 0, 1, 0, -0.0781807, 0, 0.996939, 41.9588, 1.01265, -13.1394)

[node name="Tree11" parent="Trees" instance=ExtResource("1_dpdk7")]
transform = Transform3D(0.735116, 0, -0.677942, 0, 1, 0, 0.677942, 0, 0.735116, 49.4909, 0.386104, -14.0223)

[node name="Tree12" parent="Trees" instance=ExtResource("1_dpdk7")]
transform = Transform3D(1, 0, 0, 0, 1, 0, 0, 0, 1, 58.4278, 1.01813, -12.3903)

[node name="Tree13" parent="Trees" instance=ExtResource("1_dpdk7")]
transform = Transform3D(-0.215247, 0, 0.97656, 0, 1, 0, -0.97656, 0, -0.215247, 55.218, 1.01676, -16.0258)

[node name="Tree14" parent="Trees" instance=ExtResource("1_dpdk7")]
transform = Transform3D(1, 0, 0, 0, 1, 0, 0, 0, 1, 59.1616, 1.02054, 12.6796)

[node name="Tree15" parent="Trees" instance=ExtResource("1_dpdk7")]
transform = Transform3D(0.942169, 0, -0.335139, 0, 1, 0, 0.335139, 0, 0.942169, 53.3655, 1.01637, -13.5412)

[node name="Tree16" parent="Trees" instance=ExtResource("1_dpdk7")]
transform = Transform3D(0.985606, 0, -0.169057, 0, 1, 0, 0.169057, 0, 0.985606, 46.3613, 1.01406, -13.5765)

[node name="Tree17" parent="Trees" instance=ExtResource("1_dpdk7")]
transform = Transform3D(1, 0, 0, 0, 1, 0, 0, 0, 1, 49.3536, 1.01711, 10.2641)

[node name="Tree18" parent="Trees" instance=ExtResource("1_dpdk7")]
transform = Transform3D(0.0904762, 0, 0.995899, 0, 1, 0, -0.995899, 0, 0.0904762, 41.1491, 1.01479, 14.6889)

[node name="Tree19" parent="Trees" instance=ExtResource("1_dpdk7")]
transform = Transform3D(0.371611, 0, 0.928389, 0, 1, 0, -0.928389, 0, 0.371611, 41.6784, 1.01456, 9.93349)

[node name="Tree20" parent="Trees" instance=ExtResource("1_dpdk7")]
transform = Transform3D(1, 0, 0, 0, 1, 0, 0, 0, 1, 46.4652, 1.01657, 15.0417)

[node name="Tree21" parent="Trees" instance=ExtResource("1_dpdk7")]
transform = Transform3D(0.911152, 0, -0.412071, 0, 1, 0, 0.412071, 0, 0.911152, 54.0505, 1.01877, 11.6015)

[node name="Tree22" parent="Trees" instance=ExtResource("1_dpdk7")]
transform = Transform3D(1, 0, 0, 0, 1, 0, 0, 0, 1, 49.6034, 1.01482, -17.0881)

[node name="Tree23" parent="Trees" instance=ExtResource("1_dpdk7")]
transform = Transform3D(0.606002, 0, -0.795463, 0, 1, 0, 0.795463, 0, 0.606002, 55.5939, 1.01957, 15.0063)

[node name="StaticBody3D" type="StaticBody3D" parent="Trees"]
transform = Transform3D(0.395, 0, 0, 0, 1.87, 0, 0, 0, 7.42, 40.0306, 1.99502, 13.3072)

[node name="CollisionShape3D" type="CollisionShape3D" parent="Trees/StaticBody3D"]
shape = SubResource("BoxShape3D_3lrsa")

[node name="StaticBody3D2" type="StaticBody3D" parent="Trees"]
transform = Transform3D(0.395, 0, 0, 0, 1.87, 0, 0, 0, 7.87, 40.0306, 1.99502, -15.1391)

[node name="CollisionShape3D" type="CollisionShape3D" parent="Trees/StaticBody3D2"]
shape = SubResource("BoxShape3D_3lrsa")

[node name="Tree24" parent="Trees" instance=ExtResource("1_dpdk7")]
transform = Transform3D(0.245697, 0, -0.969347, 0, 1, 0, 0.969347, 0, 0.245697, 41.959, 1.01489, 12.7558)

[node name="Tree25" parent="Trees" instance=ExtResource("1_dpdk7")]
transform = Transform3D(1, 0, 0, 0, 1, 0, 0, 0, 1, 42.9946, 1.01509, 11.0463)

[node name="Tree26" parent="Trees" instance=ExtResource("1_dpdk7")]
transform = Transform3D(0.0879555, 0, 0.996124, 0, 1, 0, -0.996124, 0, 0.0879555, 44.6125, 1.01358, -12.3742)

[node name="Ferns2" parent="Trees" instance=ExtResource("2_dylil")]
transform = Transform3D(1, 0, 0, 0, 1, 0, 0, 0, 1, 43.1794, 1.01313, -12.3204)

[node name="Ferns3" parent="Trees" instance=ExtResource("2_dylil")]
transform = Transform3D(1, 0, 0, 0, 1, 0, 0, 0, 1, 46.8127, 1.01402, -15.7444)

[node name="Ferns4" parent="Trees" instance=ExtResource("2_dylil")]
transform = Transform3D(0.857706, 0, 0.51414, 0, 1, 0, -0.51414, 0, 0.857706, 41.7799, 1.01272, -11.6975)

[node name="Ferns5" parent="Trees" instance=ExtResource("2_dylil")]
transform = Transform3D(1, 0, 0, 0, 1, 0, 0, 0, 1, 45.5583, 1.01395, -11.7989)

[node name="Ferns6" parent="Trees" instance=ExtResource("2_dylil")]
transform = Transform3D(1, 0, 0, 0, 1, 0, 0, 0, 1, 48.2261, 1.01461, -14.3303)

[node name="Ferns7" parent="Trees" instance=ExtResource("2_dylil")]
transform = Transform3D(0.285404, 0, -0.958407, 0, 1, 0, 0.958407, 0, 0.285404, 43.2436, 1.01296, -14.5167)

[node name="Ferns8" parent="Trees" instance=ExtResource("2_dylil")]
transform = Transform3D(1, 0, 0, 0, 1, 0, 0, 0, 1, 40.6377, 1.01419, 9.62274)

[node name="Ferns9" parent="Trees" instance=ExtResource("2_dylil")]
transform = Transform3D(0.785889, 0, -0.618367, 0, 1, 0, 0.618367, 0, 0.785889, 41.649, 1.01468, 11.4627)

[node name="Ferns10" parent="Trees" instance=ExtResource("2_dylil")]
transform = Transform3D(1, 0, 0, 0, 1, 0, 0, 0, 1, 42.5087, 1.0152, 14.2504)

[node name="Ferns11" parent="Trees" instance=ExtResource("2_dylil")]
transform = Transform3D(0.549315, 0, 0.835616, 0, 1, 0, -0.835616, 0, 0.549315, 44.0112, 1.01558, 12.8479)

[node name="Ferns12" parent="Trees" instance=ExtResource("2_dylil")]
transform = Transform3D(0.683353, -0.281822, 0.673502, 0.20072, 0.959467, 0.197826, -0.701954, 0, 0.712222, 43.5187, 1.01517, 10.0474)

[node name="Ferns13" parent="Trees" instance=ExtResource("2_dylil")]
transform = Transform3D(0.479917, 0, 0.877314, 0, 1, 0, -0.877314, 0, 0.479917, 43.5382, 1.01559, 14.8062)

[node name="Ferns14" parent="Trees" instance=ExtResource("2_dylil")]
transform = Transform3D(1, 0, 0, 0, 1, 0, 0, 0, 1, 46.2932, 1.01612, 10.4821)

[node name="Ferns15" parent="Trees" instance=ExtResource("2_dylil")]
transform = Transform3D(1, 0, 0, 0, 1, 0, 0, 0, 1, 46.4173, 1.01634, 12.5889)

[node name="Ferns16" parent="Trees" instance=ExtResource("2_dylil")]
transform = Transform3D(0.687993, 0.0484229, 0.7241, -0.0702091, 0.997532, 0, -0.722313, -0.0508384, 0.689695, 44.0756, 1.01547, 11.3825)

[node name="Ferns17" parent="Trees" instance=ExtResource("2_dylil")]
transform = Transform3D(1, 0, 0, 0, 0.991576, -0.129522, 0, 0.129522, 0.991576, 46.7625, 1.01658, 14.0072)

[node name="DNAGate2" type="Node3D" parent="Trees"]
transform = Transform3D(-3.78104e-08, 0, -0.865, 0, 0.865, 0, 0.865, 0, -3.78104e-08, 39.8647, 0.948122, 5.60941)

[node name="Cube_001" type="MeshInstance3D" parent="Trees/DNAGate2"]
mesh = SubResource("ArrayMesh_wqhsk")
skeleton = NodePath("")

[node name="AnimationPlayer" type="AnimationPlayer" parent="Trees/DNAGate2"]
libraries = {
"": SubResource("AnimationLibrary_d5yr7")
}

[node name="StaticBody3D" type="StaticBody3D" parent="Trees/DNAGate2"]

[node name="CollisionShape3D" type="CollisionShape3D" parent="Trees/DNAGate2/StaticBody3D"]
transform = Transform3D(1, 0, 0, 0, 1, 0, 0, 0, 1, -0.25, 0.5, 0)
shape = SubResource("BoxShape3D_wkir7")

[node name="DNAGate4" type="Node3D" parent="Trees"]
transform = Transform3D(0.324301, 0, -0.801907, 0, 0.865, 0, 0.801907, 0, 0.324301, 41.1759, 0.948122, 12.2881)

[node name="Cube_001" type="MeshInstance3D" parent="Trees/DNAGate4"]
mesh = SubResource("ArrayMesh_wqhsk")
skeleton = NodePath("")

[node name="AnimationPlayer" type="AnimationPlayer" parent="Trees/DNAGate4"]
libraries = {
"": SubResource("AnimationLibrary_d5yr7")
}

[node name="StaticBody3D" type="StaticBody3D" parent="Trees/DNAGate4"]

[node name="CollisionShape3D" type="CollisionShape3D" parent="Trees/DNAGate4/StaticBody3D"]
transform = Transform3D(1, 0, 0, 0, 1, 0, 0, 0, 1, -0.25, 0.5, 0)
shape = SubResource("BoxShape3D_wkir7")

[node name="DNAGate5" type="Node3D" parent="Trees"]
transform = Transform3D(0.324301, 0, -0.801907, 0, 0.865, 0, 0.801907, 0, 0.324301, 43.7302, 0.948122, 18.2164)

[node name="Cube_001" type="MeshInstance3D" parent="Trees/DNAGate5"]
mesh = SubResource("ArrayMesh_wqhsk")
skeleton = NodePath("")

[node name="AnimationPlayer" type="AnimationPlayer" parent="Trees/DNAGate5"]
libraries = {
"": SubResource("AnimationLibrary_d5yr7")
}

[node name="StaticBody3D" type="StaticBody3D" parent="Trees/DNAGate5"]

[node name="CollisionShape3D" type="CollisionShape3D" parent="Trees/DNAGate5/StaticBody3D"]
transform = Transform3D(1, 0, 0, 0, 1, 0, 0, 0, 1, -0.25, 0.5, 0)
shape = SubResource("BoxShape3D_wkir7")

[node name="DNAGate3" type="Node3D" parent="Trees"]
transform = Transform3D(-3.78104e-08, 0, -0.865, 0, 0.865, 0, 0.865, 0, -3.78104e-08, 39.8647, 0.948122, -0.986284)

[node name="Cube_001" type="MeshInstance3D" parent="Trees/DNAGate3"]
mesh = SubResource("ArrayMesh_wqhsk")
skeleton = NodePath("")

[node name="Cube_004" type="MeshInstance3D" parent="Trees/DNAGate3"]
transform = Transform3D(0.85285, 0, -0.522156, 0, 1, 0, 0.522156, 0, 0.85285, -14.9911, 0, -2.01043)
mesh = SubResource("ArrayMesh_wqhsk")
skeleton = NodePath("")

[node name="Cube_005" type="MeshInstance3D" parent="Trees/DNAGate3"]
transform = Transform3D(0.648348, 0, -0.761346, 0, 1, 0, 0.761346, 0, 0.648348, -20.6841, 0, -6.87447)
mesh = SubResource("ArrayMesh_wqhsk")
skeleton = NodePath("")

[node name="Cube_003" type="MeshInstance3D" parent="Trees/DNAGate3"]
transform = Transform3D(1, 0, -7.10543e-15, 0, 1, 0, 7.10543e-15, 0, 1, -7.67544, 0, 0)
mesh = SubResource("ArrayMesh_wqhsk")
skeleton = NodePath("")

[node name="AnimationPlayer" type="AnimationPlayer" parent="Trees/DNAGate3"]
libraries = {
"": SubResource("AnimationLibrary_d5yr7")
}

[node name="StaticBody3D" type="StaticBody3D" parent="Trees/DNAGate3"]

[node name="CollisionShape3D2" type="CollisionShape3D" parent="Trees/DNAGate3/StaticBody3D"]
transform = Transform3D(1, 0, -1.06581e-14, 0, 1, 0, 1.06581e-14, 0, 1, -7.61145, 0.827119, -0.02491)
shape = SubResource("BoxShape3D_h37i1")

[node name="CollisionShape3D" type="CollisionShape3D" parent="Trees/DNAGate3/StaticBody3D"]
transform = Transform3D(1, 0, 0, 0, 1, 0, 0, 0, 1, -0.25, 0.5, 0)
shape = SubResource("BoxShape3D_wkir7")

[node name="TreeParent" type="Node3D" parent="Trees"]
transform = Transform3D(0.56, 0, 0, 0, 0.56, 0, 0, 0, 0.56, 48.0853, 6.96762, -17.1275)

[node name="Tree6" type="Sprite3D" parent="Trees/TreeParent"]
transform = Transform3D(0.0635224, 0, -0.99798, 0, 1, 0, 0.99798, 0, 0.0635224, 30.7254, -1.79606, 21.1438)
modulate = Color(0, 0, 0, 1)
texture = ExtResource("4_q5vig")

[node name="Tree5" type="Sprite3D" parent="Trees/TreeParent"]
transform = Transform3D(0.0962284, 0, -0.995359, 0, 1, 0, 0.995359, 0, 0.0962284, 30.7955, -3.11479, 9.22101)
modulate = Color(0, 0, 0, 1)
texture = ExtResource("5_lmn43")

[node name="Tree7" type="Sprite3D" parent="Trees/TreeParent"]
transform = Transform3D(0.0222686, 0, 0.999752, 0, 1, 0, -0.999752, 0, 0.0222686, 33.3091, -3.11479, 32.1498)
modulate = Color(0, 0, 0, 1)
texture = ExtResource("5_lmn43")

[node name="StreetlightParent" type="Node3D" parent="."]

[node name="StreetLight" parent="StreetlightParent" instance=ExtResource("6_kqeqa")]
transform = Transform3D(-0.318455, 0, 0.436103, 0, 0.54, 0, -0.436103, 0, -0.318455, 39.9714, 4.98983, 8.96185)

[node name="StreetLight3" parent="StreetlightParent" instance=ExtResource("6_kqeqa")]
transform = Transform3D(-0.42733, 0, -0.330135, 0, 0.54, 0, 0.330135, 0, -0.42733, 60.0274, 4.98983, 8.96185)

[node name="StreetLight5" parent="StreetlightParent" instance=ExtResource("6_kqeqa")]
transform = Transform3D(-0.53999, 0, -0.0032514, 0, 0.54, 0, 0.0032514, 0, -0.53999, 50.3769, 4.98983, 8.96185)

[node name="StreetLight6" parent="StreetlightParent" instance=ExtResource("6_kqeqa")]
transform = Transform3D(0.539798, 0, 0.0147855, 0, 0.54, 0, -0.0147855, 0, 0.539798, 50.3769, 4.98983, -10.8709)

[node name="StreetLight4" parent="StreetlightParent" instance=ExtResource("6_kqeqa")]
transform = Transform3D(0.331706, 0, -0.426111, 0, 0.54, 0, 0.426111, 0, 0.331706, 60.0274, 4.98983, -10.8724)

[node name="StreetLight2" parent="StreetlightParent" instance=ExtResource("6_kqeqa")]
transform = Transform3D(0.342798, 0, 0.41724, 0, 0.54, 0, -0.41724, 0, 0.342798, 39.969, 4.98983, -10.9482)

[editable path="StreetlightParent/StreetLight"]
[editable path="StreetlightParent/StreetLight3"]
[editable path="StreetlightParent/StreetLight5"]
[editable path="StreetlightParent/StreetLight6"]
[editable path="StreetlightParent/StreetLight4"]
[editable path="StreetlightParent/StreetLight2"]
